0.007528 272
0.000968 4095
0.000018 268
0.000601 4095
0.000048 119
0.026047 1689
0.007644 2417
0.000173 2082
0.016866 1711
0.000159 2638
0.004338 1261
0.000136 1313
0.000285 1296
0.000083 1638
0.000131 951
0.000124 978
0.000113 1297
0.000071 877
0.006146 2389
0.000144 1398
0.000080 363
0.016224 451
0.000089 476
0.015814 440
0.000301 458
4.906579 147
0.000626 4095
0.000057 990
6.139274 1052
0.000133 1327
0.000144 1292
0.000060 361
0.032347 440
0.000312 402
0.000007 56
0.058791 594
0.039689 940
0.000144 1311
0.000134 1002
0.000181 1373
0.020023 440
0.000214 458
0.027842 594
0.101139 440
0.000160 402
0.000092 638
0.019438 440
0.000164 402
0.000021 56
0.070597 2379
0.000239 1292
0.000188 361
0.053135 898
0.010899 1341
0.000075 724
0.014435 440
0.000065 402
0.000013 56
14.524521 1052
0.000273 1327
0.000397 1641
0.000002 12
0.031577 440
0.000196 402
0.000028 56
0.039217 594
0.023776 440
0.000223 402
0.000093 638
0.045068 1052
0.000545 2613
0.000119 355
0.000006 12
0.024286 440
0.000217 446
0.000005 12
0.057608 594
0.024907 440
0.000162 402
0.000086 638
0.011398 440
0.000209 402
0.000029 56
0.128505 1052
0.000173 1327
0.000185 1292
0.000073 361
0.049947 842
0.000005 56
0.011796 594
0.027836 360
0.000298 1119
0.014721 271
0.000137 452
0.000061 149
14.365391 1052
0.001016 2619
0.000202 361
0.022408 440
0.000342 402
0.000044 56
0.090080 594
0.025557 440
0.000469 1040
0.010817 440
0.000350 446
0.000005 12
0.193259 1052
0.000754 2619
0.000123 361
0.027962 440
0.000310 458
0.051235 594
0.028830 440
0.000268 1040
0.013260 898
0.092764 1052
0.000404 1327
0.000371 1292
0.000152 361
0.031838 440
0.000255 402
0.000047 56
0.055214 594
0.052412 2379
0.000377 2235
0.066802 1052
0.000197 1327
0.000276 1292
0.000133 361
0.041183 440
0.000104 402
0.000085 638
0.060806 842
0.000057 638
0.032716 440
0.000222 402
0.000072 638
0.013271 836
0.000024 62
0.110282 1052
0.000231 1327
0.000364 1653
0.029244 440
0.000112 458
0.051556 594
0.029826 440
0.000098 402
0.000102 638
0.011518 440
0.000111 458
2.123397 1052
0.000429 1327
0.000625 1653
0.031257 440
0.000308 458
0.048714 594
0.031541 440
0.000252 1040
0.013505 440
0.000257 458
0.628240 109
11.093292 1052
0.000240 1327
0.000261 1292
0.000091 361
0.040906 440
0.000177 402
0.000024 56
0.025029 594
0.030745 440
0.000088 402
0.000097 638
0.012637 440
0.000177 458
0.030248 940
0.000264 1311
0.000233 1002
0.000192 747
0.023110 440
0.000159 402
0.000024 56
0.022523 594
0.025722 440
0.000178 402
0.000076 638
0.014844 440
0.000160 458
0.108175 1052
0.000219 1327
0.000188 1292
0.000177 361
0.052448 898
0.010325 594
0.030713 440
0.000242 1040
0.014792 440
0.000066 402
0.000011 56
14.549616 2379
0.000195 1292
0.000095 361
0.023421 898
0.036115 594
0.024203 440
0.000172 402
0.000080 638
0.014479 440
0.000182 458
0.051375 1052
0.000241 1327
0.000281 1292
0.000124 361
0.044970 440
0.000088 458
0.025973 594
0.030318 440
0.000082 1040
0.012851 898
0.069753 1052
0.000130 1327
0.000184 1292
0.000080 361
0.057962 440
0.000217 458
0.010360 594
0.030004 440
0.000082 1040
0.014944 440
0.000078 458
14.548939 2379
0.000124 1292
0.000072 361
0.022959 99
0.000134 349
0.000140 402
0.000003 53
0.082346 594
0.030501 842
0.000106 638
0.014514 440
0.000174 458
0.029439 1052
0.000214 1327
0.000166 1292
0.000085 361
0.014979 99
0.000174 349
0.000028 455
0.021044 594
0.036375 440
0.000181 1040
0.014578 440
0.000068 402
0.000013 56
0.063139 1052
0.000161 1327
0.000164 1653
0.044053 898
0.010361 1001
0.000148 1064
0.014560 440
0.000139 458
14.456339 1052
0.000293 2980
0.032783 842
0.000005 56
0.038256 594
0.025035 1480
0.015164 440
0.000171 402
0.000021 56
0.077857 1052
0.000182 1327
0.000259 1653
0.029811 440
0.000511 402
0.000020 56
0.032680 594
0.026546 440
0.000183 402
0.000086 638
0.014521 440
0.000135 458
0.078551 1052
0.000399 2619
0.000048 361
0.031052 440
0.000157 458
0.023878 1001
0.000186 346
0.000004 718
0.014500 440
0.000117 458
0.137727 1052
0.000218 1327
0.000194 1292
0.000047 361
0.038746 898
0.029418 594
0.033853 440
0.000355 402
0.000170 638
0.026859 1052
0.000216 1327
0.000150 1292
0.000082 361
0.067586 440
0.000226 1040
0.032311 842
0.000060 638
0.014399 440
0.000167 402
0.000010 56
0.105374 2379
0.000167 1292
0.000089 361
0.038090 440
0.000395 458
0.030834 594
0.031389 842
0.000036 638
0.013144 440
0.000359 458
1.646348 2379
0.000070 1292
0.000054 361
0.024340 440
0.000243 458
0.026496 594
0.040249 440
0.000372 402
0.000151 638
0.012545 440
0.000609 402
0.000028 56
1.270607 109
11.059094 2373
0.000188 1298
0.000096 361
0.046456 440
0.000033 402
0.000013 56
0.019835 594
0.040696 440
0.000222 402
0.000094 638
0.009759 440
0.000296 402
0.000037 56
0.084173 2379
0.000113 1292
0.000068 361
0.045353 440
0.000139 458
0.021553 594
0.035519 440
0.000332 402
0.000161 638
0.011456 440
0.000237 458
0.102854 1052
0.000418 2619
0.000080 361
0.039317 440
0.000051 402
0.000011 56
0.030443 594
0.032025 440
0.000228 402
0.000087 638
0.012817 440
0.000477 458
14.490124 1052
0.000104 1327
0.000130 1292
0.000054 361
0.031178 727
0.000094 171
0.030627 594
0.029527 440
0.000152 1040
0.015661 842
0.000219 56
0.065216 1052
0.000248 1327
0.000164 1653
0.030095 898
0.021397 1001
0.000030 346
0.000060 718
0.015760 99
0.000171 349
0.000072 455
0.119496 1052
0.000033 1327
0.000220 1292
0.000078 361
0.031908 440
0.000327 458
0.035924 594
0.034027 440
0.000062 402
0.000169 638
0.012564 898
14.517515 1052
0.000292 2619
0.000003 361
0.038983 727
0.000136 171
0.031704 594
0.027769 440
0.000115 1040
0.015390 898
0.074368 1052
0.000301 2980
0.037184 440
0.000015 458
0.018585 594
0.003596 842
0.000096 638
0.014947 898
0.131084 2379
0.000136 1292
0.000063 361
0.026708 842
0.000013 56
0.099623 594
0.030068 440
0.000184 1040
0.014283 440
0.000259 458
14.294472 1052
0.000263 2619
0.000042 361
0.025465 440
0.000183 402
0.000014 56
0.034020 594
0.030794 440
0.000161 402
0.000082 638
0.012647 719
0.000063 145
0.059723 944
0.000246 1268
0.000169 1010
0.000207 768
0.030932 658
0.000159 347
0.000047 130
0.027913 594
0.032318 388
0.000251 402
0.000014 638
0.029060 1057
0.000226 2619
0.000083 362
0.007944 658
0.000121 477
0.029095 594
0.032883 1428
0.014684 388
0.000126 458
0.043358 1057
0.000098 1326
0.000221 1655
0.054683 658
0.000110 1059
0.003561 1428
0.014676 318
0.000160 494
0.214454 1057
0.000225 1326
0.000298 1655
0.077081 2383
0.000175 1293
0.000108 362
0.011001 658
0.000101 347
0.000086 712
0.031923 388
0.000145 402
0.000077 638
0.014756 388
0.000092 402
0.000022 56
2.310731 1057
0.000232 1326
0.000253 1293
0.000104 362
0.041915 658
0.000222 465
0.000004 12
0.015918 594
0.032381 388
0.000165 402
0.000072 638
0.014828 388
0.000176 402
0.000026 56
0.817280 109
11.120398 1057
0.000255 1326
0.000283 1293
0.000116 362
0.034612 658
0.000273 477
0.037053 594
0.060924 1057
0.000498 2619
0.000172 944
0.036861 658
0.000149 347
0.000059 130
0.069217 594
0.027216 388
0.000309 1040
0.011432 388
0.000217 402
0.000026 56
0.112196 1057
0.000281 1326
0.000340 1293
0.000084 362
0.044270 658
0.000257 477
0.022085 594
0.023157 388
0.000203 402
0.000057 638
0.011966 388
0.000212 458
3.357804 127
0.000085 17
